Actual \ Predicted    a11y  audio  blog  bug   business  code  content  data  design  doc   eventOrganizing  example  financial  fundingFinding  ideas  infra  maintenance  mentoring  null   platform  plugin  projectManagement  question  review  security  talk  test  tool  translation  tutorial  userTesting  video
--------------------  ----  -----  ----  ----  --------  ----  -------  ----  ------  ----  ---------------  -------  ---------  --------------  -----  -----  -----------  ---------  -----  --------  ------  -----------------  --------  ------  --------  ----  ----  ----  -----------  --------  -----------  -----
   a11y               0.00  0.00   0.00  0.00  0.00      0.00  0.00     0.00  0.00    0.00  0.00             0.00     0.00       0.00            0.00   0.00   0.00         0.00       0.00   0.00      0.00    0.00               0.00      0.00    0.00      0.00  0.00  0.00  0.00         0.00      0.00         0.00 
   audio              0.00  0.00   0.00  0.00  0.00      0.00  0.00     0.00  0.00    0.00  0.00             0.00     0.00       0.00            0.00   0.00   0.00         0.00       0.00   0.00      0.00    0.00               0.00      0.00    0.00      0.00  0.00  0.00  0.00         0.00      0.00         0.00 
   blog               0.00  0.00   0.00  0.00  0.00      0.00  0.00     0.00  0.00    0.00  0.00             0.00     0.00       0.00            0.00   0.00   0.00         0.00       1.00   0.00      0.00    0.00               0.00      0.00    0.00      0.00  0.00  0.00  0.00         0.00      0.00         0.00 
   bug                0.00  0.00   0.00  2.00  0.00      0.00  0.00     0.00  0.00    0.00  0.00             0.00     0.00       0.00            0.00   0.00   0.00         0.00       0.00   0.00      0.00    0.00               0.00      0.00    0.00      0.00  0.00  0.00  0.00         0.00      0.00         0.00 
   business           0.00  0.00   0.00  0.00  1.00      0.00  0.00     0.00  0.00    0.00  0.00             0.00     0.00       0.00            0.00   0.00   0.00         0.00       1.00   0.00      0.00    0.00               0.00      0.00    0.00      0.00  0.00  0.00  0.00         0.00      0.00         0.00 
   code               0.00  0.00   0.00  0.00  0.00      2.00  0.00     0.00  0.00    0.00  0.00             0.00     0.00       0.00            0.00   0.00   0.00         0.00       9.00   0.00      0.00    0.00               0.00      0.00    0.00      0.00  0.00  0.00  0.00         0.00      0.00         0.00 
   content            0.00  0.00   0.00  0.00  0.00      0.00  0.00     0.00  0.00    0.00  0.00             0.00     0.00       0.00            0.00   0.00   0.00         0.00       2.00   0.00      0.00    0.00               0.00      0.00    0.00      0.00  0.00  0.00  0.00         0.00      0.00         0.00 
   data               0.00  0.00   0.00  0.00  0.00      0.00  0.00     1.00  0.00    0.00  0.00             0.00     0.00       0.00            0.00   0.00   0.00         0.00       0.00   0.00      0.00    0.00               0.00      0.00    0.00      0.00  0.00  0.00  0.00         0.00      0.00         0.00 
   design             0.00  0.00   0.00  0.00  0.00      0.00  0.00     0.00  4.00    0.00  0.00             0.00     0.00       0.00            0.00   0.00   0.00         0.00       2.00   0.00      0.00    0.00               0.00      0.00    0.00      0.00  0.00  0.00  0.00         0.00      1.00         0.00 
   doc                0.00  0.00   0.00  0.00  0.00      0.00  0.00     0.00  0.00    4.00  0.00             0.00     0.00       0.00            0.00   0.00   0.00         0.00       3.00   0.00      0.00    0.00               0.00      0.00    0.00      0.00  0.00  0.00  0.00         0.00      0.00         0.00 
   eventOrganizing    0.00  0.00   0.00  0.00  0.00      0.00  0.00     0.00  0.00    0.00  0.00             0.00     0.00       0.00            0.00   0.00   0.00         0.00       1.00   0.00      0.00    0.00               0.00      0.00    0.00      0.00  0.00  0.00  0.00         0.00      0.00         0.00 
   example            0.00  0.00   0.00  0.00  0.00      0.00  0.00     0.00  0.00    0.00  0.00             0.00     0.00       0.00            0.00   0.00   0.00         0.00       0.00   0.00      0.00    0.00               0.00      0.00    0.00      0.00  0.00  0.00  0.00         0.00      0.00         0.00 
   financial          0.00  0.00   0.00  0.00  0.00      0.00  0.00     0.00  0.00    0.00  0.00             0.00     0.00       0.00            0.00   0.00   0.00         0.00       1.00   0.00      0.00    0.00               0.00      0.00    0.00      0.00  0.00  0.00  0.00         0.00      0.00         0.00 
   fundingFinding     0.00  0.00   0.00  0.00  0.00      0.00  0.00     0.00  0.00    0.00  0.00             0.00     1.00       0.00            0.00   0.00   0.00         0.00       0.00   0.00      0.00    0.00               0.00      0.00    0.00      0.00  0.00  0.00  0.00         0.00      0.00         0.00 
   ideas              0.00  0.00   0.00  0.00  0.00      0.00  0.00     0.00  0.00    0.00  0.00             0.00     0.00       0.00            1.00   0.00   0.00         0.00       4.00   0.00      0.00    0.00               0.00      0.00    0.00      0.00  0.00  0.00  0.00         0.00      0.00         0.00 
   infra              0.00  0.00   0.00  0.00  0.00      0.00  0.00     0.00  0.00    0.00  0.00             0.00     0.00       0.00            0.00   2.00   0.00         0.00       3.00   0.00      0.00    0.00               0.00      0.00    0.00      0.00  0.00  0.00  0.00         0.00      1.00         0.00 
   maintenance        0.00  0.00   0.00  0.00  0.00      1.00  0.00     0.00  0.00    0.00  0.00             0.00     0.00       0.00            0.00   0.00   2.00         0.00       5.00   0.00      0.00    0.00               0.00      0.00    0.00      0.00  0.00  0.00  0.00         0.00      0.00         0.00 
   mentoring          0.00  0.00   0.00  0.00  0.00      0.00  0.00     0.00  0.00    0.00  0.00             0.00     0.00       0.00            0.00   0.00   0.00         0.00       0.00   0.00      0.00    0.00               0.00      0.00    0.00      0.00  0.00  0.00  0.00         0.00      0.00         0.00 
   null               0.00  0.00   0.00  1.00  0.00      1.00  0.00     0.00  0.00    0.00  0.00             0.00     0.00       0.00            1.00   0.00   0.00         0.00       10.00  0.00      0.00    0.00               0.00      0.00    0.00      0.00  0.00  0.00  0.00         0.00      0.00         0.00 
   platform           0.00  0.00   0.00  0.00  0.00      0.00  0.00     0.00  0.00    0.00  0.00             0.00     0.00       0.00            0.00   0.00   0.00         0.00       3.00   3.00      0.00    0.00               0.00      0.00    0.00      0.00  0.00  0.00  0.00         0.00      0.00         0.00 
   plugin             0.00  0.00   0.00  0.00  0.00      0.00  0.00     0.00  0.00    0.00  0.00             0.00     0.00       0.00            0.00   0.00   0.00         0.00       1.00   0.00      0.00    0.00               0.00      0.00    0.00      0.00  0.00  0.00  0.00         0.00      0.00         0.00 
   projectManagement  0.00  0.00   0.00  0.00  0.00      0.00  0.00     0.00  0.00    0.00  0.00             0.00     0.00       0.00            0.00   0.00   0.00         0.00       2.00   0.00      0.00    0.00               0.00      0.00    0.00      0.00  0.00  0.00  0.00         0.00      0.00         0.00 
   question           0.00  0.00   0.00  0.00  0.00      0.00  0.00     0.00  0.00    0.00  0.00             0.00     0.00       0.00            0.00   0.00   0.00         0.00       0.00   0.00      0.00    0.00               0.00      0.00    0.00      0.00  0.00  0.00  0.00         0.00      0.00         0.00 
   review             0.00  0.00   0.00  0.00  0.00      0.00  0.00     0.00  0.00    0.00  0.00             0.00     0.00       0.00            0.00   0.00   0.00         0.00       0.00   0.00      0.00    0.00               0.00      1.00    0.00      0.00  0.00  0.00  0.00         0.00      0.00         0.00 
   security           0.00  0.00   0.00  0.00  0.00      0.00  0.00     0.00  0.00    0.00  0.00             0.00     0.00       0.00            0.00   0.00   0.00         0.00       1.00   0.00      0.00    0.00               0.00      0.00    1.00      0.00  0.00  0.00  0.00         0.00      0.00         0.00 
   talk               0.00  0.00   0.00  0.00  0.00      0.00  0.00     0.00  0.00    0.00  0.00             0.00     0.00       0.00            0.00   0.00   0.00         0.00       1.00   0.00      0.00    0.00               0.00      0.00    0.00      0.00  0.00  0.00  0.00         0.00      0.00         0.00 
   test               0.00  0.00   0.00  0.00  0.00      0.00  0.00     0.00  0.00    0.00  0.00             0.00     0.00       0.00            0.00   0.00   0.00         0.00       1.00   0.00      0.00    0.00               0.00      0.00    0.00      0.00  0.00  0.00  0.00         0.00      0.00         0.00 
   tool               0.00  0.00   0.00  0.00  0.00      0.00  0.00     0.00  0.00    0.00  0.00             0.00     0.00       0.00            0.00   0.00   0.00         0.00       1.00   0.00      0.00    0.00               0.00      0.00    0.00      0.00  0.00  0.00  0.00         0.00      0.00         0.00 
   translation        0.00  0.00   0.00  0.00  0.00      0.00  0.00     0.00  0.00    0.00  0.00             0.00     0.00       0.00            0.00   0.00   0.00         0.00       1.00   0.00      0.00    0.00               0.00      0.00    0.00      0.00  0.00  0.00  0.00         0.00      0.00         0.00 
   tutorial           0.00  0.00   0.00  0.00  0.00      0.00  0.00     0.00  0.00    0.00  0.00             0.00     0.00       0.00            0.00   0.00   0.00         0.00       1.00   0.00      0.00    0.00               0.00      0.00    0.00      0.00  0.00  0.00  0.00         0.00      0.00         0.00 
   userTesting        0.00  0.00   0.00  0.00  0.00      0.00  0.00     0.00  0.00    0.00  0.00             0.00     0.00       0.00            0.00   0.00   0.00         0.00       0.00   0.00      0.00    0.00               0.00      0.00    0.00      0.00  0.00  0.00  0.00         0.00      0.00         0.00 
   video              0.00  0.00   0.00  0.00  0.00      0.00  0.00     0.00  0.00    0.00  0.00             0.00     0.00       0.00            0.00   0.00   0.00         0.00       0.00   0.00      0.00    0.00               0.00      0.00    0.00      0.00  0.00  0.00  0.00         0.00      0.00         0.00 
